[{"block_id":1,"transformations":[{"id":"nohetatm_6zsl_as1.pdb","selection":{"asym_id":"B","beg_seq_id":259,"end_seq_id":440},"matrix":[1,0,0,0,0,1,0,0,0,0,1,0,0,0,0,1]},{"id":"nohetatm_6zsl_as2.pdb","selection":{"asym_id":"A","beg_seq_id":259,"end_seq_id":440},"matrix":[0.9413024332790563,0.0012928131808535434,0.3375619317058831,0,0.013624196284711971,-0.999323363682594,-0.03416425139969688,0,0.33728935704899365,0.03675790298949956,-0.9406831274075724,0,19.448220252624893,48.2016478209365,-88.53684804943212,1]}]},{"block_id":1,"transformations":[{"id":"nohetatm_6zsl_as1.pdb","selection":{"asym_id":"B","beg_seq_id":259,"end_seq_id":440},"matrix":[1,0,0,0,0,1,0,0,0,0,1,0,0,0,0,1]},{"id":"nohetatm_7nio_A.pdb","selection":{"asym_id":"A","beg_seq_id":259,"end_seq_id":440},"matrix":[0.9978590771425165,-0.010976938046784554,0.06447300982118333,0,0.012168975014916698,0.9997616642114138,-0.01812541917613797,0,-0.06425868199217659,0.018871184497572767,0.9977548296972995,0,-1.2392126433449935,-0.34870805289964224,0.01003570837157497,1]}]},{"block_id":1,"transformations":[{"id":"nohetatm_6zsl_as1.pdb","selection":{"asym_id":"B","beg_seq_id":259,"end_seq_id":440},"matrix":[1,0,0,0,0,1,0,0,0,0,1,0,0,0,0,1]},{"id":"nohetatm_7nio_E.pdb","selection":{"asym_id":"E","beg_seq_id":259,"end_seq_id":440},"matrix":[0.9329271169527136,-0.04005825649808434,0.35783003023870374,0,-0.021599042104625207,-0.9982285505070679,-0.05543683191453169,0,0.35941685524535516,0.04398973788159116,-0.932139703653185,0,-1.0351299908781009,21.07027538048872,-9.16117747099657,1]}]},{"block_id":1,"transformations":[{"id":"nohetatm_6zsl_as1.pdb","selection":{"asym_id":"B","beg_seq_id":259,"end_seq_id":440},"matrix":[1,0,0,0,0,1,0,0,0,0,1,0,0,0,0,1]},{"id":"nohetatm_7nn0_as1.pdb","selection":{"asym_id":"A","beg_seq_id":259,"end_seq_id":440},"matrix":[0.3559549937471356,-0.0832873234083274,-0.9307842199919127,0,-0.9281111013489678,0.0847892784355937,-0.36251973989726083,0,0.10911382121107716,0.9929118792832767,-0.04711872238154463,0,13.934540450419732,-17.450784418997856,-124.54785561303916,1]}]},{"block_id":1,"transformations":[{"id":"nohetatm_6zsl_as1.pdb","selection":{"asym_id":"B","beg_seq_id":259,"end_seq_id":440},"matrix":[1,0,0,0,0,1,0,0,0,0,1,0,0,0,0,1]},{"id":"nohetatm_7nn0_as2.pdb","selection":{"asym_id":"B","beg_seq_id":259,"end_seq_id":440},"matrix":[-0.14506962709149474,0.06708225590733774,0.9871447585019725,0,-0.9892951627232952,0.006105587810001811,-0.145800558331522,0,-0.01580772936964492,-0.9977287671205421,0.06547841592692383,0,-25.97363452513343,61.03356801262368,32.016566252107296,1]}]},{"block_id":1,"transformations":[{"id":"nohetatm_6zsl_as1.pdb","selection":{"asym_id":"B","beg_seq_id":259,"end_seq_id":440},"matrix":[1,0,0,0,0,1,0,0,0,0,1,0,0,0,0,1]},{"id":"nohetatm_7nn0_as3.pdb","selection":{"asym_id":"C","beg_seq_id":259,"end_seq_id":440},"matrix":[0.0276070609484092,0.09369174097524574,0.9952184221862144,0,-0.9968917916282396,0.07607124399352788,0.020491989203478944,0,-0.0737875732764614,-0.9926907995495398,0.09550063099093231,0,-14.324840883129397,40.5092900745855,110.92331477965145,1]}]},{"block_id":1,"transformations":[{"id":"nohetatm_6zsl_as1.pdb","selection":{"asym_id":"B","beg_seq_id":259,"end_seq_id":440},"matrix":[1,0,0,0,0,1,0,0,0,0,1,0,0,0,0,1]},{"id":"nohetatm_7nn0_as4.pdb","selection":{"asym_id":"D","beg_seq_id":259,"end_seq_id":440},"matrix":[0.016717431492148993,0.12144850721190698,0.9924569449504119,0,-0.9998437894127303,-0.003665719014319224,0.01729043888686066,0,0.005737966285845497,-0.9925909643957616,0.12136825426278075,0,-47.566778839783275,110.16143279960814,107.18205927960567,1]}]}]